70
70
70
70
70
70
70
56
56
56
56
56
56
56
56
56
56
70
64
64
64
64
70
70
70
70
70
70
70
70
70
56
56
56
56
56
56
56
56
56
56
70
64
64
64
64
70
70
70
70
70
70
70
70
70
56
56
56
56
56
56
56
56
56
56
70
64
64
64
64
70
70
70
70
70
70
70
70
70
56
56
56
56
56
56
56
56
56
56
70
64
64
64
64
70
70
70
70
70
70
70
70
70
56
56
56
56
56
56
56
56
56
56
70
64
64
64
64
70
70
70
70
70
70
70
70
70
64
64
64
64
64
64
64
64
64
64
64
64
64
64
64
70
70
70
70
70
70
70
70
70
64
64
64
64
64
64
64
64
64
64
64
64
64
64
64
70
70