70
70
70
70
70
70
70
57
57
57
57
57
57
57
57
57
57
70
64
64
64
64
70
70
70
70
70
70
70
70
70
57
57
57
57
57
57
57
57
57
57
70
64
64
64
64
70
70
70
70
70
70
70
70
70
57
57
57
57
57
57
57
57
57
57
70
64
64
64
64
70
70
70
70
70
70
70
70
70
57
57
57
57
57
57
57
57
57
57
70
64
64
64
64
70
70
70
70
70
70
70
70
70
57
57
57
57
57
57
57
57
57
57
70
64
64
64
64
70
70
70
70
70
70
70
70
70
64
64
64
64
64
64
64
64
64
64
64
64
64
64
64
70
70
70
70
70
70
70
70
70
64
64
64
64
64
64
64
64
64
64
64
64
64
64
64
70
70